0 2075
1 893
2 761
3 504
4 695
5 395
6 402
7 278
8 391
9 343
10 324
11 236
12 311
13 224
14 243
15 231
16 226
17 187
18 297
19 247
20 236
21 218
22 326
23 262
24 285
25 199
26 255
27 187
28 183
29 158
30 234
31 159
32 233
33 161
34 217
35 235
36 261
37 185
38 175
39 143
40 236
41 257
42 158
43 151
44 158
45 219
46 181
47 150
48 240
49 156
50 152
51 152
52 151
53 167
54 155
55 225
56 232
57 207
58 208
59 178
60 116
61 124
62 166
63 176
64 201
65 143
66 169
67 176
68 145
69 219
70 138
71 145
72 142
73 145
74 140
75 149
76 146
77 150
78 136
79 149
80 144
81 145
82 149
83 152
84 151
85 151
86 155
87 150
88 151
89 155
90 150
91 159
92 138
93 134
94 149
95 210
96 150
97 148
98 153
99 152
100 159
101 148
102 144
103 139
104 143
105 144
106 144
107 142
108 208
109 145
110 145
111 141
112 189
113 178
114 110