
0 1372
1 989
2 759
3 841
4 579
5 408
6 498
7 393
8 340
9 394
10 277
11 327
12 393
13 246
14 313
15 231
16 354
17 261
18 231
19 233
20 238
21 234
22 155
23 225
24 244
25 248
26 233
27 234
28 184
29 158
30 168
31 162
32 160
33 305
34 153
35 240
36 183
37 192
38 190
39 183
40 182
41 179
42 188
43 188
44 113
45 182
46 186
47 174
48 146
49 157
50 220
51 216
52 218
53 143
54 150
55 188
56 147
57 221
58 148
59 146
60 227
61 150
62 150
63 161
64 251
65 146
66 143
67 146
68 148
69 154
70 151
71 153
72 148
73 142
74 153
75 151
76 146
77 142
78 150
79 148
80 157
81 167
82 176
83 188
84 115
85 187
86 170
87 188
88 178
89 182
90 178
91 142
92 137
93 145
94 145
95 213
96 148
97 149
98 145
99 153
100 150
101 139
102 144
103 146
104 151
105 150
106 154
107 165
108 151
109 150
110 150
111 152
112 145
113 151
114 149
115 146