0 1480
1 832
2 829
3 393
4 479
5 388
6 377
7 326
8 343
9 294
10 351
11 319
12 423
13 236
14 237
15 236
16 231
17 264
18 163
19 266
20 249
21 241
22 237
23 155
24 234
25 227
26 188
27 189
28 191
29 180
30 190
31 185
32 180
33 178
34 184
35 144
36 291
37 146
38 236
39 178
40 138
41 183
42 133
43 151
44 252
45 159
46 151
47 180
48 226
49 135
50 144
51 188
52 178
53 179
54 144
55 154
56 145
57 221
58 153
59 148
60 154
61 154
62 148
63 147
64 149
65 149
66 152
67 180
68 146
69 155
70 147
71 157
72 146
73 143
74 149
75 145
76 144
77 148
78 158
79 153
80 152
81 165
82 153
83 151
84 153
85 146
86 148
87 141
88 145
89 218
90 159
91 151
92 158
93 149
94 150
95 162
96 198
97 155
98 150
99 151
100 147
101 151
102 153
103 152
104 148
105 147
106 148
107 144
108 150
109 155
110 148
111 155
112 143
113 146
114 155
115 144
116 181
117 182
118 179
119 184
120 208
121 208
122 114
123 116
124 110
125 108
126 108
127 110
128 105
129 159
130 157
131 152
132 149
133 132
134 180
135 103
136 147
137 150
138 148
139 147
140 211
141 145
142 146
143 144
144 142
145 146
146 145
147 147
148 147
149 146
150 144
151 143
152 143
153 142
154 145
155 142
156 226
157 151
158 219
159 167
160 151
161 136
162 138
163 141
164 141
165 142
166 149
167 146
168 143
169 147
170 145
171 151
172 146
173 145
174 150
175 145
176 133
177 143
178 142
179 147
180 142
181 148
182 213
183 187
184 109
185 117
186 111
187 107
188 107
189 109
190 105
191 105
192 105
193 105
194 105
195 151
196 140
197 145
198 156
199 156
2