0 3006
1 1906
2 1750
3 1197
4 971
5 1038
6 1006
7 587
8 933
9 558
10 654
11 483
12 702
13 521
14 410
15 563
16 412
17 513
18 502
19 397
20 396
21 413
22 403
23 418
24 303
25 491
26 470
27 404
28 251
29 315
30 387
31 334
32 404
33 250
34 401
35 324
36 250
37 326
38 266
39 327
40 268
41 240
42 353
43 194
44 273
45 365
46 242
47 320
48 219
49 243
50 266
51 334
52 233
53 231
54 169
55 308
56 256
57 245
58 228
59 254
60 272
61 233
62 331
63 165
64 326
65 236
66 184
67 246
68 249
69 270
70 165
71 236
72 244
73 241
74 230
75 158
76 259
77 154
78 333
79 242
80 235
81 233
82 246
83 235
84 257
85 249
86 154
87 235
88 2