0 1440
1 1528
2 1360
3 715
4 813
5 578
6 644
7 843
8 389
9 475
10 452
11 413
12 429
13 316
14 226
15 468
16 460
17 327
18 253
19 451
20 313
21 266
22 318
23 242
24 262
25 228
26 352
27 346
28 258
29 236
30 321
31 350
32 225
33 306
34 187
35 344
36 338
37 226
38 235
39 184
40 228
41 237
42 205
43 184
44 237
45 156
46 309
47 164
48 154
49 221
50 200
51 173
52 187
53 266
54 182
55 194
56 187
57 180
58 193
59 193
60 226
61 223
62 176
63 191
64 226
65 185
66 201
67 231
68 188
69 175
70 183
71 191
72 269
73 167
74 234
75 155
76 223
77 217
78 227
79 142
80 157
81 236
82 224
83 166
84 219
85 197
86 175
87 225
88 145
89 221
90 153
91 140
92 230
93 218
94 149
95 147
96 147
97 151
98 142
99 144
100 217
